<?xml version="1.0"?>
<opencv_storage>
<calibration_time>"Sun Nov  3 12:37:44 2024"</calibration_time>
<nr_of_frames>20</nr_of_frames>
<image_width>640</image_width>
<image_height>480</image_height>
<board_width>15</board_width>
<board_height>10</board_height>
<square_size>20.</square_size>
<marker_size>25.</marker_size>
<fix_aspect_ratio>1.</fix_aspect_ratio>
<!-- flags: +fix_aspectRatio +fix_principal_point +zero_tangent_dist +fix_k4 +fix_k5 -->
<flags>6158</flags>
<fisheye_model>0</fisheye_model>
<camera_matrix type_id="opencv-matrix">
  <rows>3</rows>
  <cols>3</cols>
  <dt>d</dt>
  <data>
    560.8355979705251 0. 319.5 0. 560.8355979705251 239.5 0. 0. 1.</data></camera_matrix>
<distortion_coefficients type_id="opencv-matrix">
  <rows>5</rows>
  <cols>1</cols>
  <dt>d</dt>
  <data>
    -0.34847711544213672 0.29031393680726686 0. 0. -0.20144499304845934</data></distortion_coefficients>
<avg_reprojection_error>0.55612715921556466</avg_reprojection_error>
<per_view_reprojection_errors type_id="opencv-matrix">
  <rows>20</rows>
  <cols>1</cols>
  <dt>f</dt>
  <data>
    0.486301303 0.50409019 0.468194813 0.537371278 0.667878747
    0.486047238 0.493891478 0.52609539 0.516695142 0.403533012
    0.44966808 0.454147696 0.511920571 0.497524709 0.782798827
    0.619315445 0.565798402 0.65647167 0.612777591 0.716384351</data></per_view_reprojection_errors>
<!-- a set of 6-tuples (rotation vector + translation vector) for each view -->
<extrinsic_parameters type_id="opencv-matrix">
  <rows>20</rows>
  <cols>6</cols>
  <dt>d</dt>
  <data>
    0.93600724112070044 -0.021069381245022122 2.8291596119096418
    146.50933542120018 74.472464833534616 258.20692558127445
    0.77988414607489398 -0.044274465061916957 2.944845753677952
    94.634350079357162 82.746816388358823 259.20052801571728
    0.78354575841806218 -0.02386118028596999 2.944541675508582
    94.866660317251544 85.395025136869165 256.62935069824067
    0.7379603021803941 0.045367985271369773 2.9460173480318175
    100.40280045234246 93.376094777859763 255.50301527777842
    0.1470452659103593 0.23936311377710187 3.065091588408519
    148.96953849121817 62.206730907929924 278.41923811701821
    0.13908949314219107 -0.21678567981535415 -3.1233055586687799
    159.42956896517779 52.589055470411445 324.25773663943988
    0.32005106147984752 -0.44344322781799528 -3.0364992345584754
    132.1603046150787 121.96345979699568 339.72445132006351
    -0.48569331000391486 0.32059409283041684 3.0571159656448987
    135.2846575339332 88.953537656765775 370.91169540715418
    -0.53383934185701476 0.27102679714896366 2.9959115882094336
    150.08106775203072 73.598089775816035 389.05174985555539
    -0.37500706618267871 0.24141561116424748 3.041231998201527
    167.93265045921009 54.718948993022295 373.29570199009908
    0.49465247502051657 0.0025110105839828236 -2.9922125266999187
    189.69067022840713 123.716597544799 361.9219084668365
    -0.64196043138201386 0.065934638702658546 3.0423903139372532
    170.73921074082125 102.07115598156327 375.9372955270818
    -0.64427343654428648 0.060418100838088927 3.0323941816775495
    171.71638712296004 100.61630604595271 375.59192958713652
    -0.62955794686167565 0.063810861398765073 3.0302384105424309
    176.96690647166963 98.096081388675273 375.50642480484015
    -0.21065203660881965 0.20564311933372098 -3.1144423621786337
    109.20672132829024 84.57012656513642 278.98607664130725
    -0.21857556302226372 0.17660263166731158 -3.1157519124675361
    108.37866598112416 90.932369200282309 271.53836181868098
    -0.36612080098843669 0.18271970391966066 -3.1064117702071541
    132.1982256101717 84.620387314643168 263.71901932287062
    -0.16019167707044779 0.091423646194099747 -3.1244471476661206
    115.30184389222883 100.7306425658365 267.81053540784001
    0.17584388372520823 -0.10280155660048224 3.1328428855824075
    119.90277515550849 97.554443931763032 264.79406718684243
    0.17801841887030634 -0.10676597719088726 3.1293830707038066
    120.53206770933463 97.496886153691307 263.08296119314042</data></extrinsic_parameters>
